espana.js
{"header": { "discipline":0, "disciplineName":"Meteorological products", "gribEdition":2, "gribLength":79950, "center":7, "centerName":"US National Weather Service - NCEP(WMC)", "subcenter":0, "refTime":"2021-06-06T12:00:00.000Z", "significanceOfRT":1, "significanceOfRTName":"Start of forecast", "productStatus":0, "productStatusName":"Operational products", "productType":1, "productTypeName":"Forecast products", "productDefinitionTemplate":0, "productDefinitionTemplateName":"Analysis/forecast at horizontal level/layer at a point in time", "parameterCategory":2, "parameterCategoryName":"Momentum", "parameterNumber":2, "parameterNumberName":"U-component_of_wind", "parameterUnit":"m.s-1", "genProcessType":2, "genProcessTypeName":"Forecast", "forecastTime":0, "surface1Type":103, "surface1TypeName":"Specified height level above ground", "surface1Value":10.0, "surface2Type":255, "surface2TypeName":"Missing", "surface2Value":0.0, "gridDefinitionTemplate":0, "gridDefinitionTemplateName":"Latitude_Longitude", "numberPoints":65160, "shape":6, "shapeName":"Earth spherical with radius of 6,371,229.0 m", "gridUnits":"degrees", "resolution":48, "winds":"true", "scanMode":0, "nx":360, "ny":181, "basicAngle":0, "lo1":0.0, "la1":90.0, "lo2":359.0, "la2":-90.0, "dx":1.0, "dy":1.0 }, "data":
[rows 125 to 149 of 181, columns 0 to 57 of 360]
8.151819,6.951819,8.981819,6.661819,4.2718186,2.8118188,5.121819,4.861819,3.5718188,3.261819,3.1118188,2.7818189,2.4218187,1.2218188,0.50181884,0.16181885,-0.35818115,-0.33818114,1.9918189,-2.028181,-3.018181,-0.09818115,-0.23818116,0.85181886,1.1318189,-0.71818113,-0.81818116,-2.278181,-4.128181,-4.218181,-3.0781813,-1.8981812,-1.2581811,-0.8481811,-0.038181152,0.09181885,0.78181887,2.0518188,1.6618189,1.3818189,-0.14818116,-0.86818117,0.41181886,1.0118189,2.0318189,2.501819,2.1718187,1.9618188,1.9118189,2.1218188,2.7818189,2.8318188,3.221819,2.231819,2.0318189,2.6718187,4.091819,2.6418188
6.9018188,5.301819,-0.31818116,8.891819,4.331819,2.461819,3.3118188,4.381819,4.641819,3.491819,2.501819,2.481819,2.1218188,0.92181885,0.09181885,0.44181883,0.53181887,0.37181884,0.21181884,-2.038181,-2.288181,-1.4181812,0.48181885,0.37181884,1.0118189,0.24181885,-2.4081812,-4.0781813,-4.398181,-3.1081812,-1.9681811,-0.8581812,-0.078181155,0.08181885,1.1818188,1.8518188,3.0718188,2.8218188,2.8518188,3.1718187,1.6118188,2.191819,2.3918188,2.8918188,2.7718189,3.751819,3.5518188,3.681819,3.5818188,3.961819,3.731819,4.301819,3.1618187,3.6718187,3.1518188,3.961819,4.4018188,5.6918187
-1.1781812,1.3918189,5.451819,8.121819,4.9018188,1.5518188,2.7718189,2.5318189,3.251819,3.0218189,2.0818188,1.0918188,0.85181886,-0.7381812,-1.4381812,-1.5881811,-1.8381811,-0.51818115,-0.8581812,-1.1381812,-2.048181,-0.6081812,0.75181884,1.1518189,-0.39818114,-2.1381812,-3.508181,-4.398181,-3.258181,-1.9481812,-0.7281811,0.85181886,1.1618189,1.8218188,3.001819,3.481819,3.481819,4.1718187,4.051819,4.221819,3.4218187,3.5418189,5.1918187,5.4018188,5.631819,6.091819,5.911819,5.9018188,6.031819,6.2318187,5.681819,7.081819,5.4418187,4.741819,5.5218186,4.7718186,4.741819,5.511819
-0.7281811,-0.05818115,4.531819,4.4218187,5.5018187,2.3118188,1.0018189,1.4718188,2.981819,3.8918188,2.9018188,1.6018188,0.22181885,-0.6081812,-0.87818116,-1.5481812,-1.5481812,-0.9181812,-0.86818117,0.09181885,0.17181885,-0.12818116,0.68181884,0.35181886,-1.7881812,-2.9581811,-3.4781811,-3.3481812,-1.9781811,-0.64818114,1.2718189,2.1218188,2.681819,3.4118187,4.721819,5.121819,4.9418187,5.4018188,5.2918186,5.161819,4.451819,5.7718186,6.6718187,7.261819,7.641819,7.841819,7.9218187,7.881819,8.381819,7.9818187,7.841819,8.691819,7.611819,6.7118187,6.4818187,6.321819,5.4218187,6.201819
-0.55818117,-0.64818114,-0.22818115,0.91181886,-1.3581811,4.241819,3.1418188,1.9118189,2.231819,5.611819,4.221819,3.1018188,2.1618187,1.2918189,0.67181885,0.031818848,-0.33818114,-0.12818116,1.0018189,2.8618188,2.6418188,1.9018189,0.47181883,-1.0781811,-2.8781812,-4.2481813,-3.2281811,-2.4281812,-1.0081811,0.59181887,2.721819,3.751819,3.441819,5.0218186,6.071819,6.551819,6.1718187,6.361819,6.0218186,5.241819,5.2318187,6.841819,8.191819,8.871819,9.291819,9.331819,9.461819,9.671819,10.581819,9.981819,9.621819,10.041819,9.791819,9.501819,7.7918186,7.831819,7.931819,7.261819
-0.71818113,0.06181885,0.9018189,0.17181885,-1.1381812,-1.7281811,-1.2981812,3.471819,3.3718188,3.441819,6.881819,5.4218187,3.5618188,3.461819,3.1018188,2.8818188,1.6218189,1.8418188,1.9718188,2.941819,2.8018188,2.6518188,0.45181885,0.47181883,-2.028181,-3.568181,-2.1981812,-1.8981812,-0.56818116,1.9418188,4.091819,4.6518188,4.121819,6.411819,6.011819,6.9618187,7.311819,7.2718186,6.261819,6.061819,5.841819,8.231819,9.201818,10.041819,10.571819,10.671819,10.861819,10.801819,11.611819,10.841819,10.611819,11.421819,11.581819,11.231819,10.331819,9.551819,9.231819,9.181819
-0.71818113,1.0718188,0.7018188,2.3418188,1.7518189,0.91181886,0.7718189,0.73181885,4.431819,4.4218187,4.881819,6.831819,5.4418187,4.121819,5.061819,4.381819,4.6518188,2.7918189,3.0218189,3.1418188,2.5318189,1.6318189,1.5518188,1.1118188,-0.20818116,-2.008181,-2.008181,0.08181885,0.5718188,2.3518188,4.851819,5.2918186,5.861819,7.371819,7.051819,6.741819,7.301819,7.071819,6.531819,7.061819,9.201818,9.751819,10.1618185,10.681819,11.631819,11.621819,11.571819,12.051819,11.381819,10.301819,10.921819,12.4118185,13.341819,12.881819,11.841819,11.191819,11.061819,11.041819
1.5418189,2.0418189,0.36181885,1.0418189,3.9018188,3.5518188,4.0018187,0.92181885,2.8018188,5.0018187,5.1518188,5.7118187,6.5218186,6.2318187,5.111819,5.141819,4.1718187,2.931819,3.231819,2.3318188,2.731819,2.211819,2.1018188,2.741819,1.3618188,-0.09818115,-0.29818115,1.5218189,4.2718186,4.591819,5.7518187,5.7318187,6.1918187,5.971819,4.881819,8.231819,5.761819,6.631819,8.021819,8.671819,10.381819,10.631819,11.051819,11.071819,11.971819,11.961819,12.181819,11.601819,11.261819,12.361819,11.751819,12.181819,13.111819,13.891819,13.541819,12.6618185,12.041819,11.401819
3.8218188,4.2118187,5.181819,4.2118187,2.6218188,2.8818188,5.721819,4.531819,3.1518188,2.441819,5.931819,5.9418187,6.5418186,6.991819,6.451819,4.911819,4.011819,3.2818189,3.5818188,2.6718187,2.1318188,2.2718189,2.951819,2.701819,1.4618188,2.0218189,2.741819,3.8918188,4.0218186,6.061819,6.411819,6.5018187,6.581819,6.201819,6.0018187,6.381819,7.681819,8.381819,8.631819,9.331819,9.971819,10.971819,11.621819,11.681819,12.851819,13.291819,12.261819,12.091819,11.381819,11.541819,13.291819,12.631819,12.921819,13.921819,13.111819,13.201818,13.371819,12.401819
6.341819,7.5418186,8.261819,7.781819,6.621819,6.101819,4.811819,6.411819,5.4018188,4.201819,5.7918186,6.141819,7.631819,6.971819,6.361819,6.101819,5.491819,4.131819,3.3518188,3.9218187,3.971819,3.3018188,2.6318188,4.1918187,2.8818188,3.691819,3.971819,4.851819,4.641819,5.611819,6.331819,6.821819,7.0218186,7.081819,7.261819,7.971819,8.551819,8.721819,9.471819,10.271819,11.261819,11.1618185,11.671819,12.321819,12.991818,12.941819,13.451818,12.851819,12.031818,12.691819,14.091819,13.571819,13.971819,13.721819,13.231819,12.101819,13.291819,12.701818
6.991819,7.831819,10.171819,10.641819,11.1618185,9.241818,8.471819,7.641819,7.4218187,7.4618187,5.6718187,6.241819,7.101819,4.351819,5.9818187,6.571819,6.201819,5.781819,5.201819,4.431819,4.811819,4.451819,4.081819,3.961819,4.781819,4.611819,4.561819,5.161819,5.7318187,6.181819,6.6518188,7.201819,8.121819,8.281818,8.571819,9.171819,9.311819,8.881819,11.191819,11.571819,12.201818,12.711819,12.741818,13.1618185,13.211819,13.561819,13.641819,13.681819,13.691819,13.711819,13.891819,14.321819,14.301819,13.461819,13.461819,11.291819,11.681819,12.421819
7.321819,7.9018188,9.791819,11.311819,13.991818,12.401819,10.971819,10.401819,9.471819,9.071819,8.541819,7.061819,6.2718186,5.331819,4.811819,5.331819,6.841819,6.591819,5.871819,5.141819,5.5418186,5.6718187,5.811819,5.261819,5.4218187,5.841819,6.561819,7.011819,7.7118187,8.311819,8.741818,9.6618185,8.601819,9.331819,10.201818,10.831819,11.491818,11.711819,11.241818,12.551819,13.751819,14.031818,14.201818,14.021819,13.971819,13.951818,14.251819,14.761819,14.961819,14.781818,15.151819,14.511819,13.711819,13.801819,13.471819,9.501819,9.821819,11.731819
7.311819,7.701819,8.641819,9.631819,11.091819,12.371819,12.431819,11.171819,11.511819,10.311819,9.241818,9.011819,7.2518187,5.281819,4.261819,4.2118187,5.821819,6.4218187,6.851819,6.341819,6.641819,7.281819,7.581819,7.391819,6.9418187,7.121819,8.061819,8.461819,9.071819,9.671819,10.651819,11.111819,11.491818,11.231819,11.531818,12.091819,12.721819,13.011819,14.731819,13.841819,14.101819,15.491818,15.211819,14.831819,14.791819,15.4118185,15.261819,15.001819,15.001819,14.361819,14.941819,13.631819,13.951818,13.811819,12.051819,7.631819,7.0418186,11.491818
8.061819,7.9818187,8.431819,8.131819,9.631819,11.431819,11.401819,11.251819,11.551819,11.011819,10.1618185,8.131819,8.471819,6.801819,5.991819,5.861819,5.6518188,6.411819,7.4418187,6.201819,6.321819,7.801819,8.4118185,8.641819,8.851819,8.921819,9.651819,10.091819,10.191819,11.541819,11.931819,12.581819,13.021819,13.1618185,13.261819,13.801819,13.861819,14.251819,14.391819,14.951818,15.071819,15.281818,15.491818,15.771819,15.901819,15.751819,15.301819,14.921819,14.601819,13.931819,14.141819,13.341819,13.561819,13.641819,6.2718186,5.221819,9.361819,11.821819
9.551819,9.021819,8.611819,8.551819,8.101819,7.761819,11.611819,10.6618185,11.441819,10.891819,11.321819,11.1618185,11.371819,9.591819,8.891819,7.6918187,6.701819,6.6718187,7.321819,7.511819,7.2918186,8.991818,9.481819,9.511819,10.061819,10.471819,10.751819,11.191819,12.041819,12.201818,12.751819,14.641819,14.191819,13.991818,13.971819,14.401819,14.651819,14.941819,15.001819,15.481819,15.811819,15.791819,15.571819,16.181818,16.141819,15.921819,15.241818,14.941819,13.781818,13.771819,13.591819,13.121819,13.391819,3.941819,4.761819,8.701818,10.361819,12.301819
11.041819,10.551819,9.201818,9.071819,8.901819,8.011819,7.701819,5.7318187,10.881819,11.071819,11.601819,12.121819,12.381819,10.451818,9.971819,9.781818,8.581819,7.601819,7.9418187,8.441819,8.611819,8.681819,9.061819,9.451818,10.051819,10.6618185,11.251819,11.901819,12.471819,12.961819,13.441819,13.991818,14.391819,14.781818,15.121819,15.181819,15.531818,15.761819,16.09182,16.281818,16.17182,16.32182,16.00182,15.841819,15.551819,15.731819,15.051819,13.861819,13.481819,13.181819,12.251819,11.591819,6.011819,6.311819,8.491818,9.791819,10.871819,10.821819
12.301819,11.631819,10.741818,10.951818,10.391819,9.551819,8.891819,8.591819,8.101819,8.591819,12.531818,12.321819,12.581819,11.261819,10.741818,10.861819,10.631819,9.4118185,9.451818,9.851819,9.711819,9.641819,10.921819,10.431819,10.451818,11.431819,11.601819,11.981819,12.481819,13.401819,14.181819,14.491818,14.641819,14.971819,15.451818,15.841819,16.31182,16.41182,16.541819,16.611818,16.301819,15.951818,15.521819,14.881819,15.011819,14.651819,14.301819,13.991818,13.531818,12.231819,11.761819,8.251819,8.491818,8.371819,9.851819,10.541819,10.951818,11.391819
10.551819,12.851819,11.711819,11.621819,11.951818,11.4118185,10.811819,9.951818,9.681819,9.071819,8.681819,10.6618185,11.721819,12.371819,12.521819,12.741818,12.951818,13.111819,13.081819,12.6618185,11.761819,11.521819,11.421819,12.721819,11.891819,11.401819,12.041819,12.421819,12.731819,13.231819,13.9118185,14.491818,15.871819,15.591819,14.831819,16.09182,16.541819,16.511818,15.821819,15.281818,14.631819,14.421819,14.611819,15.541819,14.631819,14.481819,14.631819,14.241818,13.421819,12.271819,9.631819,6.281819,6.681819,8.051819,9.521819,10.461819,10.581819,11.941819
14.591819,14.151819,13.081819,12.301819,12.031818,11.9118185,12.001819,11.861819,11.131819,10.721819,10.181819,9.391819,8.811819,9.051819,10.261819,13.191819,13.841819,13.271819,13.021819,12.901819,12.151819,12.561819,11.9118185,12.071819,12.271819,11.761819,12.081819,12.541819,12.651819,13.271819,13.511819,13.891819,14.731819,14.731819,15.551819,13.891819,13.111819,12.391819,13.481819,13.811819,13.741818,13.861819,13.971819,14.251819,14.301819,14.441819,14.301819,13.721819,12.211819,8.991818,3.8318188,4.971819,7.811819,8.351819,9.821819,11.041819,12.021819,12.4118185
12.791819,15.751819,15.351819,13.851819,13.121819,12.981819,12.501819,12.451818,12.571819,11.9118185,11.441819,11.101819,10.741818,10.541819,10.511819,9.971819,12.001819,12.301819,12.751819,12.591819,12.201818,11.791819,12.141819,11.381819,11.151819,11.081819,11.751819,12.111819,12.511819,13.101819,12.721819,13.201818,13.951818,14.311819,14.711819,14.841819,14.561819,14.281818,13.531818,13.011819,13.301819,13.531818,13.891819,14.641819,14.621819,14.101819,13.781818,12.571819,7.9618187,1.4918189,3.5918188,5.061819,7.7518187,10.121819,11.091819,11.831819,12.491818,12.651819
16.431818,16.24182,15.351819,14.751819,14.171819,13.741818,13.371819,13.401819,13.561819,13.141819,12.681819,12.131819,11.831819,11.561819,11.461819,11.051819,10.381819,10.371819,11.031818,11.321819,11.531818,11.331819,10.881819,10.741818,11.431819,11.761819,12.381819,13.061819,13.341819,13.441819,13.471819,13.431819,13.851819,14.091819,14.371819,14.621819,14.091819,13.681819,13.831819,13.6618185,13.521819,13.461819,13.931819,13.901819,13.501819,13.581819,13.1618185,7.661819,-1.4881811,0.27181885,3.5718188,6.2518187,9.891819,10.351819,10.951818,11.491818,9.211819,10.641819
17.15182,17.49182,17.91182,16.951818,17.49182,14.171819,14.171819,14.091819,13.721819,13.811819,13.501819,13.011819,12.771819,12.391819,12.341819,11.861819,11.471819,10.961819,10.141819,8.631819,9.251819,9.9118185,10.461819,11.171819,11.551819,11.821819,12.4118185,13.121819,13.691819,13.781818,14.021819,14.361819,14.321819,13.921819,14.421819,13.901819,13.561819,13.531818,13.701818,13.041819,12.851819,12.631819,13.021819,13.221819,12.811819,12.431819,-0.05818115,-2.748181,-0.55818117,1.9918189,5.351819,8.841819,8.541819,8.151819,6.131819,7.631819,9.501819,10.6618185
17.90182,18.511818,19.301819,19.34182,17.471819,15.741818,14.251819,14.781818,14.571819,14.251819,13.981819,13.891819,13.511819,12.761819,13.271819,12.981819,12.511819,12.281818,11.1618185,10.991818,11.351819,11.721819,12.221819,12.541819,13.491818,13.241818,13.621819,14.271819,14.461819,14.271819,14.541819,15.121819,13.841819,15.641819,15.621819,15.621819,14.701818,13.541819,13.181819,12.971819,12.381819,13.131819,12.001819,12.791819,12.201818,-3.3481812,-4.488181,-2.3881812,1.2618189,5.061819,7.0018187,6.971819,1.3218188,4.4818187,6.861819,9.001819,9.561819,10.391819
19.631819,21.211819,20.461819,20.83182,17.81182,14.391819,14.611819,15.231819,15.271819,15.031818,15.181819,14.281818,14.381819,15.731819,13.831819,13.1618185,12.761819,12.541819,11.681819,11.421819,11.451818,11.651819,11.961819,12.431819,12.931819,13.111819,13.791819,14.541819,14.811819,14.321819,15.4118185,15.181819,15.001819,14.651819,14.271819,13.901819,13.401819,12.841819,12.051819,12.1618185,12.281818,11.591819,10.521819,-5.068181,-7.048181,-5.408181,-2.4081812,0.81181884,3.8518188,4.331819,-0.8581812,0.93181884,3.991819,5.7718186,6.761819,7.991819,8.4118185,9.051819
20.431818,8.151819,7.2718186,9.611819,11.931819,13.351819,15.121819,16.191818,16.16182,16.41182,16.391819,16.041819,16.881819,14.551819,13.681819,12.901819,13.681819,11.971819,11.101819,10.1618185,10.191819,10.091819,11.081819,12.171819,12.821819,13.221819,13.971819,14.361819,14.1618185,13.831819,13.721819,13.061819,13.141819,12.511819,12.061819,11.851819,11.241818,10.831819,10.201818,9.211819,6.991819,-7.758181,-9.068181,-7.548181,-5.5581813,-2.6581812,0.40181884,2.5718188,-6.3281813,-4.088181,-1.6981812,0.81181884,2.8718188,3.741819,4.881819,5.861819,6.2718186,6.931819
