espana.js
{"header": { "discipline":0, "disciplineName":"Meteorological products", "gribEdition":2, "gribLength":79950, "center":7, "centerName":"US National Weather Service - NCEP(WMC)", "subcenter":0, "refTime":"2021-06-06T12:00:00.000Z", "significanceOfRT":1, "significanceOfRTName":"Start of forecast", "productStatus":0, "productStatusName":"Operational products", "productType":1, "productTypeName":"Forecast products", "productDefinitionTemplate":0, "productDefinitionTemplateName":"Analysis/forecast at horizontal level/layer at a point in time", "parameterCategory":2, "parameterCategoryName":"Momentum", "parameterNumber":2, "parameterNumberName":"U-component_of_wind", "parameterUnit":"m.s-1", "genProcessType":2, "genProcessTypeName":"Forecast", "forecastTime":0, "surface1Type":103, "surface1TypeName":"Specified height level above ground", "surface1Value":10.0, "surface2Type":255, "surface2TypeName":"Missing", "surface2Value":0.0, "gridDefinitionTemplate":0, "gridDefinitionTemplateName":"Latitude_Longitude", "numberPoints":65160, "shape":6, "shapeName":"Earth spherical with radius of 6,371,229.0 m", "gridUnits":"degrees", "resolution":48, "winds":"true", "scanMode":0, "nx":360, "ny":181, "basicAngle":0, "lo1":0.0, "la1":90.0, "lo2":359.0, "la2":-90.0, "dx":1.0, "dy":1.0 }, "data":
[rows 100 to 124 of 181, columns 290 to 347 of 360]
0.13181885,-0.008181152,-0.32818115,-0.37818116,-0.16818115,-0.22818115,-0.69818115,-1.1181811,-0.12818116,-0.75818115,-0.47818115,-1.2281811,-1.1281811,-1.8081812,-1.4681811,-1.8281811,-0.8481811,-1.4781811,-1.5081811,-2.278181,-2.4581811,-4.988181,-4.258181,-5.988181,-5.668181,-3.3381813,-3.9081812,-4.378181,-2.3581812,-4.0781813,-3.6481812,-3.0981812,-2.7081811,-1.6481812,-4.5981812,-5.418181,-6.7881813,-7.608181,-8.258182,-8.098181,-7.2681813,-6.718181,-7.438181,-8.198181,-7.778181,-7.688181,-7.2681813,-7.868181,-8.758182,-8.058181,-7.198181,-7.528181,-6.7881813,-6.758181,-5.858181,-6.198181,-4.7281814,-4.548181
0.07181885,0.021818848,-0.008181152,-0.23818116,-0.40818116,-0.36818114,0.08181885,-0.40818116,-1.0481812,-0.42818114,-0.37818116,-1.1181811,-0.9781811,-0.9181812,-1.3481811,-1.9481812,-1.2681812,-1.6381812,-2.008181,-3.548181,-3.4381812,-4.438181,-4.0781813,-6.508181,-5.528181,-3.4681811,-2.058181,-3.278181,-6.118181,-3.768181,-3.058181,-1.5881811,-2.278181,-4.668181,-4.738181,-6.388181,-7.718181,-8.228181,-8.498181,-7.798181,-7.488181,-6.198181,-6.888181,-7.7681813,-8.188181,-8.648181,-7.918181,-8.548182,-7.238181,-8.298182,-8.578181,-7.2281814,-6.858181,-7.0381813,-6.698181,-6.338181,-6.0981812,-5.7081814
0.21181884,0.27181885,0.32181886,-0.06818115,-0.31818116,-0.47818115,-0.13818115,0.011818848,-0.99818116,-1.4181812,-1.4881811,-1.1781812,-0.90818113,-1.0881811,-1.2381811,-1.5481812,-1.2281811,-1.2581811,-2.008181,-4.2281814,-4.968181,-6.378181,-5.358181,-4.798181,-4.7481813,-2.318181,-4.618181,-2.6681812,-4.468181,-1.2181811,-0.63818115,-0.078181155,-1.6181811,-5.718181,-6.648181,-6.2081814,-7.8481812,-8.558181,-8.688181,-8.098181,-7.118181,-7.8281813,-8.418181,-8.648181,-8.998181,-9.058181,-9.108181,-8.108181,-7.918181,-9.048182,-8.418181,-7.668181,-7.548181,-7.608181,-7.5381813,-6.118181,-6.758181,-6.638181
0.60181886,0.40181884,0.8218188,0.79181886,-0.40818116,-0.38818115,-1.3681811,0.021818848,-0.9181812,-1.0481812,-1.6081811,-0.9881812,-2.1981812,-1.3781811,-2.9281812,-1.5581812,-1.1581812,-0.7281811,-2.4181812,-2.2181811,-4.588181,-4.368181,-4.818181,-3.518181,-5.108181,-4.488181,-2.808181,-1.2781812,-4.0181813,-1.4281812,-2.508181,0.25181884,-6.628181,-6.7481813,-7.178181,-6.888181,-8.308181,-8.368181,-8.538181,-8.0881815,-7.088181,-8.388181,-8.928181,-9.078181,-8.978181,-9.198181,-8.478181,-8.908181,-8.458181,-8.028181,-7.7081814,-8.988181,-7.648181,-8.158181,-7.7281814,-6.9781814,-7.3281813,-6.528181
0.36181885,0.41181886,0.47181883,0.7618188,-0.44818115,-0.76818115,-0.70818114,-0.6081812,-0.13818115,-0.28818116,-0.27818117,-1.5681812,-2.4081812,-1.2381811,-1.2281811,-1.4381812,-2.528181,-1.3981812,-2.0781813,-1.7281811,-2.7181811,-1.9081812,-1.0181812,-0.82818115,-6.0181813,-3.6681812,-3.7081811,-5.118181,-0.38818115,0.37181884,-0.5981811,-0.40818116,-6.898181,-6.668181,-6.648181,-7.918181,-8.028181,-8.618181,-8.0881815,-8.138181,-8.428181,-9.778181,-10.238181,-10.228181,-9.528181,-8.708181,-8.328181,-9.018181,-8.098181,-8.048182,-7.798181,-8.068181,-7.898181,-6.648181,-7.508181,-7.0181813,-7.5781813,-6.908181
-0.15818115,0.13181885,-0.018181153,0.07181885,-0.028181152,-0.51818115,-0.57818115,-0.74818116,-0.16818115,0.14181885,0.12181885,-0.41818115,-0.82818115,-1.2981812,-1.6181811,-2.268181,-1.8281811,-0.68818116,-0.90818113,0.041818846,-1.6681812,-1.8881812,-3.2181811,-1.2781812,-3.6881812,-3.5781813,-1.9781811,-3.4781811,-2.8881812,-2.238181,0.09181885,-1.5981811,-6.5981812,-6.968181,-6.9581814,-7.2481813,-8.198181,-9.058181,-8.018181,-8.898181,-9.438181,-10.058181,-9.028181,-9.328181,-8.758182,-8.958181,-8.538181,-9.918181,-8.238181,-8.168181,-9.248181,-7.7081814,-8.768181,-7.608181,-7.7681813,-8.728181,-7.918181,-5.008181
1.0418189,-0.32818115,0.50181884,0.0018188476,-0.048181154,-0.49818116,-0.5981811,0.28181884,-0.21818115,0.60181886,0.24181885,0.22181885,-1.0281812,-0.21818115,-0.50818115,-0.61818117,-0.7381812,-1.6481812,-1.0081811,-0.75818115,-3.1681812,-3.038181,-4.148181,-3.1081812,-1.8881812,-2.7281811,-4.5981812,-5.648181,-3.0781813,-1.5281812,-0.45818114,-1.7881812,-6.638181,-7.448181,-7.0581813,-8.038181,-7.608181,-7.5581813,-7.918181,-8.798182,-10.098181,-10.278181,-9.748181,-7.928181,-9.128181,-9.008182,-9.738181,-9.238181,-8.738181,-8.748181,-8.558181,-8.868181,-8.768181,-8.008182,-8.808181,-7.2881813,-8.068181,-7.048181
1.4518188,0.91181886,-0.13818115,-0.61818117,0.67181885,0.18181884,-0.29818115,-0.028181152,-0.39818114,0.9018189,0.8318188,1.2918189,-0.20818116,0.16181885,-0.45818114,-1.4681811,-1.0281812,0.26181886,-1.4381812,-2.3581812,-2.1681812,-3.1981812,-2.818181,-3.1781812,-2.6181812,-3.1881812,-4.0181813,-2.038181,-2.788181,-0.048181154,-1.1981812,-6.298181,-7.108181,-7.7681813,-8.148181,-8.498181,-7.4581814,-8.318181,-8.178181,-9.198181,-10.328181,-10.098181,-9.738181,-9.468182,-9.898181,-8.668181,-9.8381815,-9.798182,-8.858181,-9.118181,-9.458181,-8.328181,-8.908181,-8.498181,-7.928181,-8.768181,-8.228181,-5.898181
-1.3681811,2.8718188,0.68181884,-0.15818115,0.15181884,-0.35818115,-0.23818116,1.5818188,2.3418188,1.9918189,1.6918188,-0.038181152,0.39181885,0.56181884,-0.7881811,-0.52818114,-1.9981811,-1.2181811,-0.86818117,-2.298181,-1.1881812,-1.8281811,-3.298181,-1.9881811,-2.558181,-0.13818115,-2.548181,-1.6281811,-1.1881812,-0.56818116,-1.3881812,-6.668181,-7.408181,-7.438181,-8.188181,-8.208181,-8.698181,-9.928181,-10.728181,-11.068181,-11.038181,-10.848181,-9.988181,-9.288181,-9.918181,-9.508182,-10.348181,-9.358181,-9.118181,-9.808181,-10.528181,-8.628181,-8.308181,-7.028181,-8.658181,-6.938181,-7.898181,-6.508181
-0.70818114,2.691819,1.8218188,0.39181885,1.4118189,0.60181886,-0.51818115,0.29181886,1.8118188,0.94181883,2.0918188,1.5718188,-0.69818115,-0.08818115,-1.8881812,-2.6381812,-0.6781812,-0.6081812,-0.93818116,1.1318189,-2.298181,-2.738181,-2.6681812,-2.008181,-1.7181811,-2.3881812,-1.1881812,-0.89818114,-1.8681811,-1.6381812,-0.12818116,-6.5381813,-6.988181,-7.7681813,-7.418181,-7.778181,-9.598181,-10.678181,-11.128181,-11.008182,-10.378181,-9.938181,-9.428181,-8.818181,-9.418181,-8.868181,-8.448181,-9.258182,-10.0881815,-9.8381815,-8.708181,-8.678181,-9.078181,-8.468182,-8.148181,-7.5981812,-7.548181,-7.008181
-0.68818116,1.8618188,0.74181885,0.021818848,0.87181884,-0.86818117,-0.63818115,0.25181884,2.3018188,2.431819,3.4118187,2.0818188,0.39181885,-1.3581811,-0.77818114,-0.80818117,-0.15818115,-0.6681812,-0.65818113,-0.69818115,-1.1881812,-2.3481812,-2.508181,-1.9081812,-1.6381812,-1.5481812,-1.1781812,-0.6081812,-1.0381812,-0.46818116,0.46181884,-5.4781814,-6.568181,-7.108181,-8.248181,-8.138181,-8.738181,-9.668181,-10.308181,-10.858181,-11.278181,-10.948181,-9.928181,-9.628181,-8.758182,-8.738181,-9.778181,-8.548182,-9.008182,-9.498181,-8.318181,-9.258182,-7.2481813,-7.4781814,-8.568181,-6.988181,-6.658181,-5.8081813
-0.96818113,-3.9681811,3.1518188,1.0518188,3.3818188,-0.96818113,-0.49818116,1.8718189,2.6118188,3.8818188,3.251819,1.4418188,0.32181886,-0.51818115,-0.038181152,0.36181885,-0.74818116,-1.3781811,-0.9181812,-1.6081811,-1.9181812,-2.248181,-1.3681811,-1.7881812,-0.52818114,-0.74818116,-0.7381812,-0.61818117,0.43181884,-0.078181155,-2.3381813,-5.178181,-6.148181,-6.148181,-7.168181,-8.708181,-9.168181,-9.188181,-9.498181,-9.718182,-9.568181,-9.328181,-9.968182,-9.938181,-9.288181,-8.068181,-8.568181,-8.568181,-9.228181,-9.488181,-9.418181,-8.778181,-7.778181,-8.258182,-6.7481813,-7.198181,-5.5581813,-4.5581813
-2.308181,-2.9281812,-0.49818116,1.7418189,0.74181885,1.3218188,0.48181885,3.1218188,2.241819,2.461819,1.3918189,0.34181884,0.56181884,0.53181887,-1.0981811,-0.6681812,-0.83818114,-1.2781812,-1.3181812,-2.3581812,-2.808181,-2.1581812,-1.6381812,-0.39818114,-1.3481811,-0.038181152,0.5218189,-0.87818116,1.1218189,-1.9481812,-4.5581813,-3.8881812,-4.118181,-5.178181,-6.548181,-7.908181,-8.138181,-8.878181,-8.958181,-8.868181,-8.668181,-8.198181,-7.778181,-9.568181,-9.5881815,-9.408181,-8.998181,-8.348181,-8.258182,-8.398181,-8.108181,-8.228181,-7.528181,-7.158181,-6.838181,-6.628181,-5.378181,-5.048181
-3.048181,-2.5881813,-3.248181,2.0218189,-0.93818116,0.8218188,-0.25818115,1.1018188,1.7018188,1.6218189,0.68181884,-0.89818114,-0.8581812,-0.58818114,-0.63818115,-1.1081811,-1.3381811,-1.6681812,-1.8081812,-1.4981811,-1.8281811,-1.6781812,-1.4981811,-1.5881811,-0.33818114,0.46181884,0.32181886,-0.30818117,-5.658181,-4.8081813,-4.818181,-3.0981812,-2.6981812,-2.2281811,-6.238181,-6.948181,-7.278181,-7.5381813,-7.7281814,-7.5581813,-7.5181813,-7.7881813,-7.108181,-7.0581813,-8.058181,-8.198181,-8.348181,-8.218182,-8.398181,-7.7881813,-7.298181,-6.5581813,-5.7481813,-5.7881813,-5.5781813,-4.368181,-4.7681813,-4.428181
-0.7281811,-2.1481812,-0.37818116,0.9618189,0.41181886,-0.048181154,0.17181885,1.6918188,1.3818189,1.2318188,-0.21818115,-2.2281811,-3.488181,-1.3581811,-1.8681811,-0.71818113,-0.44818115,-2.3681812,-0.83818114,-0.35818115,-0.9181812,-0.99818116,0.22181885,0.25181884,0.11181885,-0.47818115,-3.248181,-3.6881812,-4.648181,-4.118181,-4.2481813,-2.9181812,-3.4681811,-4.568181,-5.4581814,-5.798181,-5.8481812,-6.378181,-6.2681813,-6.008181,-5.7281814,-6.618181,-6.7481813,-7.188181,-6.9581814,-7.118181,-7.778181,-7.2481813,-5.9581814,-6.2481813,-5.9581814,-5.678181,-4.028181,-4.148181,-3.2081811,-2.2281811,-2.6281812,-2.038181
-2.048181,-1.0481812,1.7318188,-0.70818114,-1.4081812,-0.9281812,1.3918189,0.59181887,1.3018188,0.74181885,-1.3581811,-2.018181,-2.268181,-3.8381813,-2.498181,-2.9381812,-1.5081811,0.041818846,-1.0481812,-0.008181152,-0.27818117,0.38181886,0.61181885,4.611819,-0.41818115,-1.3181812,-1.9781811,-3.1881812,-3.798181,-3.548181,-3.278181,-1.8181812,-3.6081812,-2.8381813,-3.9681811,-4.2481813,-4.278181,-6.238181,-5.3481812,-5.4781814,-6.008181,-6.2481813,-5.8081813,-6.438181,-7.2081814,-8.388181,-8.298182,-6.968181,-6.7681813,-5.5181813,-4.678181,-3.8281813,-4.368181,-3.4581811,-1.8881812,-1.5381812,-0.90818113,-0.6681812
-0.82818115,-2.028181,1.9718188,3.5218189,-0.50818115,1.3618188,0.81181884,-0.24818115,0.37181884,-0.39818114,-1.1081811,-2.1181812,-3.1381812,-2.788181,-1.8381811,-2.3781812,0.5818188,-0.30818117,-0.51818115,-0.078181155,0.86181885,-0.37818116,-1.0581812,1.9918189,3.211819,-0.6081812,-0.26818115,-2.548181,-2.2081811,-1.9181812,-2.1581812,-2.068181,-2.4281812,-1.7181811,-2.548181,-4.128181,-4.3481812,-3.5881813,-3.8881812,-3.6581812,-4.588181,-4.5581813,-4.918181,-5.628181,-6.0981812,-6.608181,-6.218181,-5.688181,-4.9981813,-4.2481813,-4.3481812,-3.6081812,-2.8881812,-2.4581811,-1.4481812,-2.038181,-0.64818114,-0.6781812
-1.8281811,-1.5181812,3.9218187,2.251819,-0.048181154,-0.06818115,0.24181885,-0.70818114,-2.048181,-2.778181,-2.1781812,-2.1381812,-3.4681811,-2.018181,-2.7181811,-1.3581811,0.0018188476,-1.1381812,-0.48818114,-0.22818115,0.27181885,0.0018188476,1.0718188,1.6018188,3.251819,1.9218189,-0.13818115,-0.7381812,-0.9881812,-1.8581811,-0.7381812,-0.75818115,-0.038181152,-3.318181,-2.6481812,-3.0881813,-2.8581812,-2.6881812,-2.238181,-2.4681811,-2.8381813,-3.3381813,-3.9081812,-5.128181,-5.698181,-5.938181,-5.7281814,-5.178181,-4.648181,-4.528181,-3.3381813,-2.8681812,-2.1181812,-1.6481812,-2.1581812,-1.7881812,-1.2081811,-0.5381811
-2.4081812,-0.64818114,1.7918189,-1.3781811,-2.278181,-2.4281812,-2.4081812,-3.288181,-2.808181,-3.4581811,-2.268181,-3.498181,-3.4081812,-2.558181,-1.3181812,-0.96818113,0.60181886,-2.528181,-0.32818115,-0.5481812,0.31181884,0.23181885,2.761819,1.6218189,4.111819,2.3518188,2.451819,0.23181885,0.021818848,0.18181884,-0.20818116,-0.038181152,-0.65818113,-2.028181,-1.1181811,-0.76818115,-1.1081811,-1.3081812,-1.2881812,-1.2581811,-1.8981812,-2.488181,-3.248181,-4.2481813,-4.5381813,-4.548181,-4.2481813,-3.6681812,-3.3581812,-3.0781813,-2.0981812,-1.2681812,-0.8481811,-0.64818114,-1.2581811,-0.70818114,0.051818848,-0.028181152
-0.45818114,1.4718188,-2.8481812,-2.0981812,-1.2481811,-0.87818116,-4.168181,-2.788181,-1.4381812,-4.0581813,-3.018181,-4.0181813,-4.738181,-3.498181,-4.4981813,-4.008181,-3.5981812,-0.24818115,-0.008181152,0.06181885,1.2118188,3.0218189,5.4018188,3.471819,3.1118188,4.781819,3.761819,2.991819,1.2018188,0.5218189,-0.48818114,0.55181885,1.1218189,0.40181884,0.26181886,0.31181884,0.06181885,0.24181885,-0.018181153,0.021818848,-0.50818115,-0.9281812,-1.4381812,-1.8981812,-2.0881813,-1.9481812,-1.8781811,-2.008181,-1.8281811,-1.3381811,-0.74818116,-0.16818115,0.17181885,0.07181885,0.08181885,0.60181886,1.1718189,2.1018188
0.55181885,1.1318189,-3.068181,-2.568181,-7.438181,-1.6881812,-3.298181,-1.3281811,-2.6781812,-3.028181,-3.5781813,-3.4481812,-3.308181,-3.538181,-3.798181,-2.9081812,-2.6681812,-1.5581812,-1.7681812,-0.90818113,4.741819,4.6918187,5.9618187,5.091819,5.261819,3.471819,5.0218186,5.111819,4.611819,2.5718188,1.0518188,1.7518189,2.1218188,2.5218189,4.2318187,2.1418188,1.1018188,1.1918188,1.4718188,1.4618188,1.3618188,1.2518189,1.2818189,1.4918189,1.4818188,1.2318188,0.15181884,0.44181883,0.8318188,0.75181884,0.84181887,1.1618189,1.4118189,1.3318188,1.9018189,2.431819,3.8118188,3.4018188
3.1018188,0.06181885,-0.8581812,2.5618188,-1.1581812,-0.16818115,-0.41818115,-1.9481812,-2.318181,-3.568181,-3.6981812,-3.9581811,-2.8481812,-3.288181,-3.818181,-2.7081811,-1.7981812,-0.5981811,0.34181884,0.81181884,1.8218188,-0.35818115,1.8818189,4.911819,6.581819,6.361819,3.8418188,5.721819,6.261819,5.321819,5.0018187,3.481819,3.5418189,3.5518188,3.7818189,3.9018188,2.8118188,2.3718188,2.451819,3.0318189,3.1718187,3.5618188,4.0218186,4.511819,4.0418186,3.211819,3.1518188,2.5918188,2.8818188,2.481819,2.6118188,2.8818188,3.0318189,3.0818188,1.3518188,0.94181883,2.0218189,1.2718189
4.6518188,1.1818188,-0.64818114,-1.7781812,-0.87818116,-2.1881812,-0.9281812,-2.0981812,-2.018181,-1.7181811,-3.3681812,-2.748181,-2.9081812,-3.028181,-1.4381812,-1.8781811,-1.7981812,0.5818188,-0.28818116,0.7718189,-0.078181155,-0.12818116,0.75181884,1.8318188,6.2918186,6.861819,6.381819,7.7318187,6.381819,6.281819,6.411819,6.0018187,5.281819,4.891819,5.0218186,5.581819,5.131819,4.221819,4.611819,3.961819,4.181819,5.0018187,5.891819,6.241819,5.311819,5.051819,5.121819,4.871819,4.741819,4.491819,3.931819,3.3218188,0.53181887,0.30181885,1.4618188,1.0018189,1.5518188,1.9818188
2.8018188,-0.20818116,-0.33818114,-0.64818114,2.6118188,0.59181887,-1.4681811,-1.5581812,-2.3581812,-3.7081811,-1.8181812,-2.5881813,-1.8681811,-1.8681811,-1.3081812,-1.4881811,0.68181884,0.55181885,0.6518189,2.0318189,1.4618188,1.4318188,1.8818189,2.451819,1.9018189,3.0718188,8.331819,7.811819,5.871819,7.311819,7.611819,7.801819,7.0018187,7.351819,6.831819,6.2918186,7.081819,6.301819,6.141819,6.2718186,5.861819,5.861819,6.071819,6.701819,6.351819,6.591819,6.2918186,6.471819,6.131819,5.2918186,4.051819,0.87181884,0.27181885,0.9618189,0.17181885,1.3518188,1.0618188,1.7818189
-0.83818114,-1.4581811,0.56181884,-0.8481811,-3.4481812,-5.7081814,-3.028181,-2.4281812,-3.0781813,-2.9681811,-2.3781812,-1.1281811,-2.018181,-0.68818116,-0.12818116,1.2618189,1.0418189,1.3718189,2.481819,3.2818189,3.951819,4.451819,4.1718187,4.0418186,3.751819,4.551819,-0.58818114,6.581819,6.591819,6.5018187,13.6618185,7.9018188,8.201818,8.521819,8.191819,7.721819,7.4818187,8.351819,7.531819,7.301819,7.5018187,7.411819,7.4618187,7.181819,6.9418187,6.9818187,6.851819,6.721819,6.641819,6.511819,2.951819,0.6418188,0.5118188,0.09181885,-0.048181154,0.11181885,1.5718188,3.011819
