espana.js
{"header": { "discipline":0, "disciplineName":"Meteorological products", "gribEdition":2, "gribLength":80035, "center":7, "centerName":"US National Weather Service - NCEP(WMC)", "subcenter":0, "refTime":"2021-06-06T12:00:00.000Z", "significanceOfRT":1, "significanceOfRTName":"Start of forecast", "productStatus":0, "productStatusName":"Operational products", "productType":1, "productTypeName":"Forecast products", "productDefinitionTemplate":0, "productDefinitionTemplateName":"Analysis/forecast at horizontal level/layer at a point in time", "parameterCategory":2, "parameterCategoryName":"Momentum", "parameterNumber":3, "parameterNumberName":"V-component_of_wind", "parameterUnit":"m.s-1", "genProcessType":2, "genProcessTypeName":"Forecast", "forecastTime":0, "surface1Type":103, "surface1TypeName":"Specified height level above ground", "surface1Value":10.0, "surface2Type":255, "surface2TypeName":"Missing", "surface2Value":0.0, "gridDefinitionTemplate":0, "gridDefinitionTemplateName":"Latitude_Longitude", "numberPoints":65160, "shape":6, "shapeName":"Earth spherical with radius of 6,371,229.0 m", "gridUnits":"degrees", "resolution":48, "winds":"true", "scanMode":0, "nx":360, "ny":181, "basicAngle":0, "lo1":0.0, "la1":90.0, "lo2":359.0, "la2":-90.0, "dx":1.0, "dy":1.0 }, "data":
[rows 26 to 51 of 181, columns 0 to 57 of 360]
0.67273927,1.5927392,0.21273926,-0.99726075,1.0027393,2.1827393,3.7927392,3.3527393,1.4027393,-1.6672608,-1.1872607,-1.2372607,-0.79726076,1.8827393,0.67273927,1.2627393,0.6527393,-0.8972607,-1.2672608,-0.92726076,1.7927393,-3.1372607,-4.6672606,-4.4172606,-2.1572607,0.92273927,0.73273927,-2.7172608,-2.5172608,-2.8172607,-2.5672607,-2.7772608,-3.0872607,-2.8172607,-4.0572605,-4.0872607,-3.7272608,-9.67726,-6.3572607,-3.2672608,-3.2672608,-2.7572608,-3.1872606,-3.5172608,-3.3772607,-3.2472608,-2.4472609,-1.0872607,-2.6072607,-2.6672606,-2.1772606,-1.9872607,-2.2572608,-2.8972607,-3.5572608,-3.6072607,-3.7872608,-5.097261
1.4627392,0.82273924,0.77273923,0.42273927,1.7927393,2.4627392,3.2427392,3.9027393,-0.5972607,-1.0972607,-4.327261,-5.157261,3.3927393,-1.0572608,1.7427392,0.88273925,-0.047260743,-0.68726075,1.7727393,1.2727393,-0.33726075,-3.2772608,-2.9072607,-1.7072607,-1.1172607,-1.2172607,-2.2372608,-2.9772608,-2.7972608,-2.2672608,-2.8072608,-1.9172608,-2.0272608,-2.2172608,-3.5372608,-4.4372606,-5.447261,-4.617261,-1.9972607,-2.6272607,-1.8572607,-3.2272608,-3.3272607,-3.4272606,-3.8672607,-4.617261,-3.6072607,-3.5972607,-3.9372606,-3.4072607,-3.8072608,-2.8372607,-3.1772606,-4.097261,-3.6372607,-4.0472608,-4.2072606,-4.237261
1.8827393,1.1927392,0.68273926,0.33273926,0.6527393,2.4727392,-0.26726073,-0.98726076,0.7827393,1.5127393,4.382739,3.3227394,4.052739,3.6527393,1.8127393,-1.1572608,0.7927393,2.3527393,0.86273926,2.1027393,1.3027393,-1.3072608,-0.91726077,-1.4372607,-0.76726073,-2.4772608,-1.2372607,-0.9572607,-1.9472607,-0.63726074,0.58273923,1.2827393,0.0027392579,-0.027260743,-0.5372608,0.50273925,-0.6572607,-0.85726076,-1.1472608,-0.25726074,-1.1772608,-2.0372608,-2.0872607,0.0027392579,-3.2172608,-2.2672608,-1.8272607,-1.5372608,-2.4272606,-3.9372606,-4.6872606,-5.2472606,-4.717261,-4.847261,-4.347261,-4.4372606,-4.597261,-5.3572607
1.3327392,1.3527392,0.22273926,-0.31726074,-0.087260745,-0.34726074,-0.67726076,0.48273927,0.88273925,1.4527392,0.34273925,2.6327393,3.7627392,2.6627393,1.4427392,1.9027393,1.3327392,0.9027393,2.3127394,1.9227393,0.25273925,-2.5572608,-2.2472608,0.49273926,-1.3572607,-1.7872608,-2.2072608,-1.2172607,-2.7472608,-1.5772607,-0.74726075,-0.6472607,-1.6672608,-0.94726074,-1.9872607,-2.0872607,-3.1672606,-2.6872606,-1.2972608,-0.42726076,-0.82726073,-2.5172608,-2.0372608,-0.10726074,-1.3172607,0.74273926,0.87273926,-1.8972608,-1.4572607,-2.1872606,-2.9872608,-4.0172606,-3.8972607,-4.007261,-3.6972609,-3.9472609,-2.9672608,-3.0672607
0.5427393,0.11273926,0.18273926,-0.09726074,-0.6472607,-2.0772607,-0.93726075,0.93273926,-0.45726073,1.8027393,2.7427392,3.5327392,2.8427393,2.2927392,2.2827392,1.0627393,0.77273923,1.7727393,0.13273926,2.6727393,0.52273923,-2.1572607,-2.2072608,-1.5172608,0.48273927,1.4327393,1.7927393,1.6527393,0.42273927,-0.49726075,-1.4872607,-2.0872607,-3.4372606,-1.5872607,-0.54726076,-0.40726075,1.3227392,-0.68726075,-2.3572607,1.8227392,1.1727393,1.9227393,2.2127392,0.022739258,0.012739258,0.30273926,-0.17726074,-0.8472607,1.3627392,-0.42726076,1.1327393,1.5027393,0.80273926,1.4727392,-0.03726074,-0.15726075,1.0227393,1.8927393
-3.1772606,0.75273925,1.8427392,1.7227392,-0.5372608,-2.9272606,-2.0072608,-1.6072607,0.77273923,2.3627393,4.3327394,3.7127392,1.3627392,3.8627393,2.6127393,-0.44726074,-1.9572607,-0.047260743,1.4527392,-0.36726075,-1.4072608,-2.1372607,-2.4672608,-3.9072607,-2.7972608,-2.6172607,-2.7072608,0.7227393,-0.97726077,-2.0572608,-2.8972607,-2.7672608,-1.6172607,-1.5272608,-0.38726074,-0.16726074,-0.80726075,-0.15726075,0.24273926,-0.20726074,-0.9572607,0.49273926,0.67273927,0.68273926,0.77273923,0.7227393,0.74273926,0.98273927,1.2827393,1.1627393,1.0827392,1.4727392,1.4427392,0.89273924,0.52273923,-0.45726073,-0.49726075,0.80273926
-4.1272607,1.0327393,1.8627392,3.0727394,-0.38726074,-2.6972609,-2.9772608,-0.6472607,3.1727393,2.5427392,0.99273926,0.6527393,1.0227393,-0.35726073,-0.73726076,-2.1072607,-2.1672606,0.86273926,-2.3072608,-2.3872607,-1.8372607,-1.3272607,-1.3072608,-0.67726076,-2.0472608,-1.8672607,-2.0872607,-2.2572608,-3.0672607,-3.6872606,-1.7372607,-2.6772606,-0.11726074,-0.5872607,0.31273925,0.26273927,-0.12726074,-1.7772608,-2.1072607,1.0227393,1.3927393,0.36273926,2.2827392,2.4427392,0.80273926,0.32273924,0.7827393,0.38273925,1.6027392,1.1827393,0.92273927,0.17273925,-0.55726075,-0.027260743,0.7227393,2.3027391,1.3127393,0.46273926
-1.5172608,1.6627393,1.3927393,2.1127393,-0.23726074,-2.2672608,-3.7572608,-3.5572608,-1.5072608,-1.7772608,2.0327392,2.2927392,-1.2772608,-0.79726076,1.5127393,-0.9072607,-2.1072607,2.7627392,-0.75726074,1.8727393,1.7827393,1.5527393,-1.9072608,-1.6872607,-3.5572608,-2.3072608,-2.4472609,-2.5072608,-3.9772608,-3.6072607,-1.9972607,-1.1872607,-2.1872606,-1.2472607,-0.27726075,-1.7172607,-1.9972607,-3.1872606,-1.2872608,-1.6172607,-0.007260742,-0.85726076,0.42273927,0.42273927,0.7827393,0.62273926,-0.63726074,-0.24726075,1.1227393,0.7227393,1.1527393,1.3527392,2.1027393,2.6427393,0.29273927,3.2227392,1.0127393,-0.6572607
-0.98726076,-1.3672607,-0.8972607,1.2227392,-0.99726075,-3.5072608,-4.5472608,-4.527261,-4.867261,0.67273927,1.8727393,-0.5272607,-2.8872607,-1.8472607,1.8727393,3.3227394,1.6227393,0.88273925,-0.10726074,-1.2672608,-1.8172607,-3.1872606,-2.5172608,-2.5372608,-4.097261,-3.3872607,-1.6972607,-3.0672607,-3.7472608,-3.1972609,-1.9272608,-2.2272608,-2.7072608,-1.7872608,0.77273923,0.08273926,1.1527393,0.5427393,0.022739258,-0.60726076,0.24273926,1.4927392,1.4827392,1.5827392,2.3027391,1.8327392,1.9927392,1.8827393,2.6027393,1.6227393,1.9227393,1.2327392,2.1127393,2.1327393,2.4627392,2.3927393,1.4727392,-0.62726074
-3.0272608,-2.0472608,0.092739254,0.38273925,-1.8572607,-4.3172607,-5.7072606,-6.4172606,-7.327261,-0.05726074,1.1527393,-0.51726073,-0.007260742,-0.027260743,-0.54726076,-0.25726074,-2.1672606,-1.6372608,-1.4972607,-2.0472608,-2.8472607,-3.4972608,-3.1872606,-3.5972607,-4.5672607,-3.6272607,-1.8472607,-3.1872606,-2.9872608,-1.9072608,-3.2172608,-3.1972609,-1.4572607,-2.0072608,-1.6372608,-1.3272607,-0.26726073,-2.0372608,-0.6572607,-1.0972607,-0.57726073,0.28273925,0.33273926,0.93273926,1.6427393,3.0827394,2.0127392,1.7227392,1.7227392,-3.6872606,0.14273925,-0.56726074,1.4227393,1.8027393,3.0727394,2.3127394,1.4427392,-1.2272607
-2.4672608,0.20273925,1.9527392,-0.29726073,-3.2172608,-4.8172607,-6.0672607,-6.7272606,-5.0872607,-0.82726073,0.5927393,-2.9172606,-0.03726074,-1.7372607,-3.0872607,-3.9472609,-4.217261,-2.4372606,-1.3372607,-2.7772608,-4.4772606,-2.8472607,-3.9972608,-4.347261,-5.1272607,-3.5972607,-3.8172607,-4.347261,-4.217261,-3.9772608,-4.2972608,-3.5472608,-2.7272608,-1.7072607,-2.3272607,-2.6072607,-2.0772607,-1.1772608,-1.5072608,-1.4272608,-0.6472607,1.0827392,1.4327393,2.4927392,2.1327393,1.2427392,0.87273926,1.3227392,1.8127393,1.1527393,2.3027391,1.6827393,2.5827394,2.3227394,2.8827393,1.5127393,-0.10726074,-1.9972607
-1.7972608,-2.0972607,2.7427392,-0.5872607,-3.3272607,-4.2072606,-5.507261,-4.9372606,-2.4072607,-1.5272608,-0.15726075,-1.4372607,2.0827394,0.7927393,-2.6672606,-2.4872608,-0.60726076,0.58273923,-1.8172607,-2.7172608,-2.6072607,-2.3272607,-3.2472608,-3.6672606,-3.8572607,-4.117261,-3.8272607,-3.9972608,-3.7572608,-3.5772607,-3.8472607,-2.7972608,-3.7472608,-4.177261,-3.2072608,-3.0772607,-3.4672608,-2.6672606,-2.1272607,0.26273927,0.64273924,3.4627392,2.6627393,2.9727392,3.9527392,3.2027392,1.7327392,0.92273927,-0.44726074,0.77273923,0.73273927,1.7227392,1.2827393,0.35273924,1.9427392,2.0427392,1.3627392,1.2127392
2.1927392,3.1327393,2.7627392,-1.1072607,-3.9372606,-3.0672607,-3.5672607,-3.5372608,-2.5872607,-1.6272607,-1.2072607,-2.6572607,-1.5772607,0.21273926,1.8027393,0.29273927,-1.0872607,-1.2872608,-2.6472607,-2.3672607,-3.0872607,-3.6472607,-3.6372607,-4.4572606,-3.4472609,-3.8672607,-3.7672608,-2.3472607,-3.0672607,0.21273926,-2.4572608,-3.5472608,-4.2272606,-4.027261,-4.117261,-3.2472608,-3.4372606,-2.9272606,-2.0472608,3.9327393,3.8527393,4.4127393,3.8927393,4.342739,4.762739,4.152739,2.2127392,2.1527393,1.1127392,0.5327393,0.80273926,1.8927393,1.4627392,1.6227393,0.9627392,0.16273926,1.0727392,1.4127393
3.6627393,4.2027392,-2.0272608,-3.4472609,-3.6172607,-2.8472607,-2.6472607,-2.1172607,-2.9672608,-3.4872608,-2.1872606,-2.1272607,-1.3372607,-2.3872607,-2.7772608,-2.8672607,-1.2072607,-0.5972607,-2.4072607,-1.3372607,-2.8272607,-3.9172606,-4.577261,-4.8972607,-4.097261,-5.277261,-4.947261,-2.7872608,-1.3072608,-1.9072608,-1.3572607,-2.0572608,-3.9572608,-2.8372607,-3.3572607,-3.4672608,-3.3672607,-1.7572608,-1.5072608,2.3227394,4.0827394,4.882739,4.152739,4.902739,4.0827394,3.9827392,1.8627392,1.6527393,2.4027393,-1.0472608,1.4127393,1.8027393,-0.027260743,-0.24726075,0.13273926,0.30273926,0.06273926,0.022739258
0.37273926,-1.4472607,-2.3172607,-2.8172607,-4.0372605,-3.4172606,-4.0872607,-2.0372608,-4.0472608,-3.2172608,-3.0672607,-2.0172608,-1.3272607,-0.72726077,0.28273925,-1.9872607,-0.7772607,2.8927393,-2.4572608,1.6127392,-0.9572607,-2.0372608,-2.0272608,-3.1872606,-4.6472607,-4.9372606,-4.847261,-3.3372607,-5.2972608,-1.7972608,-1.8572607,-2.6572607,-2.2472608,-2.8772607,-2.0272608,-2.0972607,-1.5872607,0.33273926,1.8927393,2.3627393,2.9327393,3.9927392,3.9127393,3.6227393,4.9327393,4.172739,1.6027392,1.1327393,1.0027393,-2.5772607,-2.6772606,2.2327392,-0.27726075,-0.6472607,0.7927393,2.1627393,4.072739,3.2127392
-3.3472607,-2.2872608,-2.5672607,-3.2872608,-3.5772607,-2.8572607,-2.1772606,-1.2572608,0.9627392,-1.4072608,-1.8972608,-0.68726075,1.0527393,1.4027393,0.75273925,1.8527392,1.7627393,-3.5172608,0.50273925,-2.2772608,0.33273926,-1.1372608,-3.2872608,-4.137261,-3.9072607,-3.8672607,-4.827261,-4.5672607,-3.8172607,-3.0772607,-2.8672607,-3.7172608,-4.4172606,-4.8172607,-3.2272608,-1.3572607,-1.1072607,0.39273927,1.1927392,2.5027392,2.4227393,3.3327394,4.3527393,3.4027393,4.552739,4.512739,1.6127392,0.5927393,1.0527393,-0.6472607,-1.0372608,0.56273925,0.012739258,-1.5972607,-2.0472608,0.21273926,-0.39726076,-1.6172607
-2.2472608,-3.0172608,-3.1772606,-3.9172606,-3.1072607,-3.7872608,-3.8872607,-1.2972608,-1.3572607,-1.4672607,2.0127392,1.2427392,1.0727392,-0.09726074,0.6027393,-0.28726074,-1.3172607,-3.4072607,0.03273926,0.012739258,-0.87726074,-2.0272608,-2.7972608,-1.0272608,-0.14726074,-2.7772608,-4.697261,-4.527261,-4.7472606,-2.6772606,-2.2872608,-2.5972607,-2.6872606,-2.6472607,-3.7572608,-2.1472607,2.1227393,1.1327393,3.8527393,3.8127394,3.1427393,3.6227393,4.672739,4.2927394,2.7127392,0.94273925,0.94273925,-0.9672607,-0.8372607,-0.25726074,-0.13726074,-0.48726073,-1.4472607,-3.7472608,-2.3372607,0.16273926,-3.0772607,-3.0072608
-4.0572605,-3.7372608,-1.2672608,-3.7372608,-2.1372607,-5.2672606,-3.3772607,-1.4772607,-2.1672606,-2.7272608,-1.2772608,-1.3872608,-2.2672608,-1.8072608,-1.3772607,-1.5672607,0.06273926,-2.1272607,-0.23726074,-1.0572608,-2.5272608,-3.4072607,-4.1072607,-3.0672607,-1.9772607,-0.46726075,-1.6372608,-3.6872606,-4.117261,-3.2172608,-2.1672606,-0.48726073,3.2127392,3.9227393,2.4327393,2.3027391,4.7527394,4.362739,4.4527392,1.7727393,2.8127394,2.2427392,2.2627392,2.5127392,1.6927392,0.32273924,-0.54726076,-1.9072608,-1.1272607,-1.7172607,-1.7472607,-1.8772607,-3.0172608,-3.6272607,-2.5172608,0.9627392,1.1927392,0.14273925
-3.2272608,-2.6572607,-2.2772608,-2.9772608,-3.3172607,-5.407261,-2.3272607,-2.9072607,0.49273926,3.1427393,1.8027393,1.5927392,0.88273925,0.19273926,0.10273926,-0.6572607,-2.2272608,-3.9772608,-2.3872607,-1.9072608,-2.9172606,-3.4972608,-3.7572608,0.7227393,-1.6772608,-2.3272607,0.10273926,-3.0772607,-4.387261,-2.4372606,-1.1872607,1.9827392,0.50273925,1.7327392,3.0027392,-1.2672608,7.1927395,2.9327393,3.4627392,1.2027392,1.4427392,0.76273924,2.2227392,2.6527393,1.7527393,0.40273926,-2.2772608,-3.5272608,-2.4172606,5.972739,-0.7872608,-2.1272607,-4.8072605,-3.5072608,1.3027393,-3.9572608,-7.3772607,-6.2672606
-3.4072607,-2.7572608,-2.8972607,-2.3272607,-3.9072607,-7.007261,-1.2872608,0.14273925,1.1227393,0.25273925,1.5227393,-0.19726074,-0.06726074,1.1027392,2.1727393,0.28273925,-1.7872608,-2.8472607,-2.2972608,-2.3872607,-1.6772608,-2.0172608,-2.9572608,-0.27726075,1.6927392,1.9627392,1.6127392,-1.6072607,-1.5972607,-0.9072607,1.0027393,-1.4172608,5.402739,3.0527391,0.5327393,2.0727394,3.9527392,5.402739,2.1627393,0.83273923,-0.47726074,-0.42726076,1.4127393,-0.7872608,0.28273925,-3.2572608,-3.7572608,-3.2572608,1.9627392,-1.0172608,-4.1072607,-4.907261,-3.9772608,-4.137261,-6.4172606,-9.107261,-10.877261,-2.9772608
-2.3972607,-3.6672606,-2.2572608,-2.7072608,-2.8672607,-5.7672606,1.4927392,1.8427392,0.29273927,1.2927393,0.26273927,1.0127393,0.7827393,-2.2972608,-0.63726074,1.9027393,0.9127393,-0.7072607,-0.22726074,-2.1072607,-3.8272607,-3.0672607,-1.5072608,-2.0572608,-1.3772607,-0.20726074,-0.8472607,-1.7172607,-0.33726075,0.16273926,0.80273926,-0.41726074,4.5627394,1.6827393,0.57273924,2.1327393,1.0027393,3.1627393,2.0527391,4.112739,1.4927392,-1.1672608,-0.88726074,0.34273925,-1.2872608,-2.1572607,-2.3872607,-3.2972608,-3.2172608,-4.3772607,-4.6672606,-6.697261,-3.8272607,-6.657261,-7.697261,-10.747261,-11.317261,-4.677261
-2.1972609,-2.9972608,-4.5472608,-5.3772607,-0.51726073,-3.1472607,1.5727392,-2.1272607,0.77273923,-0.81726074,4.5027394,4.9327393,5.1027393,0.45273927,0.28273925,0.092739254,1.6727393,0.6627393,0.9027393,1.3427392,0.042739257,-2.2672608,-0.88726074,-2.1172607,-3.0872607,-2.1772606,-2.7072608,-0.8972607,2.3127394,-1.1072607,1.0027393,2.4927392,2.7027392,1.4827392,0.05273926,-1.2772608,-0.67726076,0.26273927,0.5427393,1.4327393,3.2727392,0.8527393,2.0327392,2.5127392,-0.97726077,-1.2872608,-1.0272608,1.2327392,-1.4572607,-3.2372608,-4.8172607,-5.137261,-7.7272606,-7.3972607,-9.29726,-11.627261,-0.72726077,2.7127392
0.86273926,1.1827393,2.1027393,2.5227392,-8.54726,-5.007261,-5.5672607,-0.56726074,1.4427392,-0.007260742,4.0827394,5.802739,4.6427393,2.4727392,-0.18726075,-3.3172607,-1.2172607,0.26273927,2.6127393,1.2027392,1.2727393,-0.6472607,-1.2372607,-1.0772607,0.40273926,-2.5772607,-0.56726074,2.2827392,1.1627393,4.5027394,3.1227393,2.3427393,0.70273924,0.5427393,-1.5872607,-1.3772607,-1.4972607,-1.0672607,0.34273925,0.87273926,2.5027392,0.8427393,0.32273924,-2.1872606,-0.73726076,1.9927392,0.7227393,0.6627393,-2.3472607,-3.3772607,-4.1672606,-5.447261,-6.467261,-6.1472607,-4.3772607,-2.0572608,-0.38726074,-0.28726074
-3.2772608,1.0727392,4.0027394,2.2127392,-4.0172606,-5.7272606,-7.4172606,-3.8772607,1.0527393,-1.2272607,0.15273926,0.89273924,4.8527393,2.2127392,1.8927393,3.5127392,1.0227393,-2.6072607,2.4227393,4.072739,-0.17726074,0.80273926,1.6027392,1.1727393,2.2727392,3.5127392,2.2527392,1.7027392,2.4327393,2.6327393,-2.4872608,-2.1972609,-4.0172606,-2.0572608,0.5327393,-1.9672607,-1.8572607,-3.0772607,-1.9372607,-1.8572607,-2.0572608,-0.41726074,-3.1672606,-2.6472607,1.1327393,-2.7772608,0.6527393,3.4827392,2.0627394,-1.6772608,-5.5372605,-6.3572607,-6.157261,-5.137261,-1.4972607,-0.18726075,0.46273926,-0.86726075
3.5827394,-0.8472607,-1.3972608,0.15273926,-5.5172606,-6.6272607,-6.0172606,-2.3572607,-3.5772607,1.0127393,-0.87726074,4.6227393,5.652739,4.052739,2.2027392,-0.34726074,-0.31726074,3.6927392,5.132739,4.302739,1.5827392,0.51273924,-0.8372607,1.9027393,4.9327393,3.3427393,0.37273926,-0.7872608,-2.7572608,-3.1372607,-4.0372605,-2.7572608,-1.8072608,0.19273926,-0.6572607,-3.3872607,-1.4472607,-2.4272606,-1.7372607,-2.0872607,-3.9172606,-0.67726076,-3.3072608,6.902739,-0.45726073,6.1827393,3.8727393,2.8527393,6.532739,-0.28726074,-2.5072608,-5.867261,-5.347261,-5.7272606,-1.7472607,-3.3172607,-0.37726074,0.64273924
-1.8772607,-2.5372608,-2.6072607,0.99273926,-2.7172608,-3.1972609,-1.9672607,-3.8672607,-4.4372606,0.52273923,3.6927392,4.992739,7.012739,-0.85726076,-0.09726074,-0.55726075,-0.13726074,6.9327393,-0.15726075,2.9327393,1.9227393,1.7827393,-1.3472607,-0.72726077,2.4027393,0.94273925,-0.12726074,-0.18726075,-4.6872606,-1.2772608,-3.8372607,-0.97726077,-1.8872608,-0.14726074,-1.2272607,-3.1872606,-1.8772607,-4.487261,-5.4772606,0.26273927,2.6427393,0.32273924,3.8627393,4.552739,1.4127393,3.0927393,1.8927393,-5.4372606,-2.6572607,4.032739,-2.4172606,-5.0572605,-5.6272607,-4.427261,-1.3472607,1.5327393,0.57273924,-1.4472607
