espana.js
{"header": { "discipline":0, "disciplineName":"Meteorological products", "gribEdition":2, "gribLength":80035, "center":7, "centerName":"US National Weather Service - NCEP(WMC)", "subcenter":0, "refTime":"2021-06-06T12:00:00.000Z", "significanceOfRT":1, "significanceOfRTName":"Start of forecast", "productStatus":0, "productStatusName":"Operational products", "productType":1, "productTypeName":"Forecast products", "productDefinitionTemplate":0, "productDefinitionTemplateName":"Analysis/forecast at horizontal level/layer at a point in time", "parameterCategory":2, "parameterCategoryName":"Momentum", "parameterNumber":3, "parameterNumberName":"V-component_of_wind", "parameterUnit":"m.s-1", "genProcessType":2, "genProcessTypeName":"Forecast", "forecastTime":0, "surface1Type":103, "surface1TypeName":"Specified height level above ground", "surface1Value":10.0, "surface2Type":255, "surface2TypeName":"Missing", "surface2Value":0.0, "gridDefinitionTemplate":0, "gridDefinitionTemplateName":"Latitude_Longitude", "numberPoints":65160, "shape":6, "shapeName":"Earth spherical with radius of 6,371,229.0 m", "gridUnits":"degrees", "resolution":48, "winds":"true", "scanMode":0, "nx":360, "ny":181, "basicAngle":0, "lo1":0.0, "la1":90.0, "lo2":359.0, "la2":-90.0, "dx":1.0, "dy":1.0 }, "data":
[rows 52 to 77 of 181, columns 58 to 115 of 360]
-2.5472608,-7.407261,-6.8572607,-6.637261,-5.5672607,-4.2972608,-4.5172606,-3.5972607,-1.5672607,-3.6972609,1.9327393,4.0627394,0.80273926,-1.7272607,-0.7172607,0.43273926,-4.8172607,-0.9072607,0.05273926,4.6027393,-3.0372608,-3.6772606,-3.6672606,-4.0872607,-3.2072608,-3.5772607,-0.5872607,-0.43726075,-1.8972608,-5.4772606,-7.5472608,-4.777261,-5.3172607,-7.387261,-7.367261,-5.507261,-6.9172606,-6.0372605,-7.3972607,-7.097261,-4.5172606,-4.577261,-1.3472607,-0.60726076,2.4327393,6.0227394,3.8127394,-2.4272606,-3.3972607,2.1227393,0.0027392579,-0.73726076,-2.5272608,-5.847261,3.3127394,0.31273925,-1.7172607,-4.177261
-2.4972608,0.19273926,-6.8772607,-6.6072607,-5.8072605,-5.1072607,-5.7672606,-3.3772607,-3.0372608,-0.33726075,-0.88726074,-2.3672607,-2.6572607,-1.3872608,-1.6672608,-1.0672607,0.16273926,-0.80726075,0.05273926,-3.4072607,-2.8072608,-4.177261,-4.2472606,-2.4072607,-0.35726073,-2.5472608,-3.3372607,-2.8772607,-3.7272608,-7.8072605,-7.467261,-6.0872607,-4.5872607,-5.7672606,-4.777261,-3.4872608,-9.767261,-9.287261,-12.907261,-1.8372607,-1.9972607,-3.3472607,-4.7272606,-3.7072608,-4.2472606,-1.8972608,-5.1472607,-6.5572605,-7.3572607,-6.7872605,-2.9872608,-2.8372607,-1.4872607,1.9527392,5.112739,1.7327392,1.4227393,3.8427393
-4.527261,-3.1872606,-1.1772608,-7.8972607,-7.1072607,-6.527261,-5.5872607,-3.6072607,-3.5872607,-6.5172606,-6.487261,-5.327261,-1.6672608,-2.8772607,0.52273923,-0.31726074,-2.0572608,-0.57726073,-1.1372608,0.67273927,1.1627393,-2.8472607,-2.8872607,-2.9672608,-3.5672607,-9.397261,-8.207261,-8.327261,-6.657261,-4.6472607,-5.6072607,-5.367261,-7.6672606,-3.2572608,-6.527261,-7.277261,-2.7272608,-4.117261,-6.427261,-5.5672607,-3.8372607,-4.077261,-4.4972606,-2.2372608,-0.39726076,2.1327393,0.17273925,-5.467261,-4.577261,-2.9572608,-1.5172608,0.58273923,3.0727394,1.9727392,3.1927392,3.2527392,3.8527393,4.032739
-2.1172607,2.3727393,1.4727392,-7.577261,-6.487261,-5.7872605,-2.0872607,-7.737261,-8.027261,-7.1072607,-5.5672607,-6.8372607,1.8227392,2.5527391,2.4727392,1.3827393,-0.80726075,0.62273926,0.68273926,-2.6572607,-1.7672608,-1.8772607,-2.0772607,-1.1772608,-4.4172606,-0.94726074,-3.5972607,-1.9972607,-5.6672606,-8.867261,-6.0872607,-5.5872607,-7.387261,-5.947261,-9.317261,-7.657261,-5.407261,-6.2972608,-8.907261,-6.9772606,-8.687261,-6.027261,-3.7172608,-0.93726075,0.5427393,1.3227392,1.9827392,-0.14726074,3.0727394,-3.2972608,-1.9672607,-0.13726074,2.0527391,3.2027392,1.6127392,2.1627393,3.0627394,2.2127392
-3.8972607,-4.887261,-2.9972608,-9.38726,-8.46726,-6.0172606,-7.177261,-5.7972608,-2.0372608,-5.7972608,-3.9272606,0.47273925,2.2927392,1.3527392,-0.75726074,1.1727393,0.69273925,1.2727393,0.57273924,-4.0172606,-2.9772608,-3.7572608,-3.7772608,-2.6872606,-3.1572607,-6.3972607,-8.34726,-6.8972607,-7.697261,-7.2472606,-7.137261,-5.907261,-6.697261,-8.227261,-8.267261,-10.537261,-5.8372607,-5.0472608,-2.1972609,-6.447261,-5.197261,-1.1372608,-2.5072608,-1.5172608,-0.047260743,-1.2672608,0.18273926,1.9227393,2.4127393,1.5927392,4.652739,5.7027392,1.3627392,2.5327392,2.5227392,4.5227394,6.8127394,5.922739
0.83273923,-5.597261,-7.407261,-9.607261,-10.027261,0.7127392,-2.1272607,0.86273926,-0.55726075,-1.4472607,2.7727392,-1.7672608,0.94273925,1.5527393,-0.11726074,-2.6372607,1.4427392,0.69273925,1.4227393,-0.75726074,1.6827393,-5.177261,0.76273924,-0.76726073,-7.697261,-4.4972606,-3.4272606,1.2727393,-1.7672608,-5.1872606,-5.597261,-8.187261,-8.617261,-6.1072607,-4.5872607,-8.92726,-9.077261,1.2427392,-2.6272607,1.1327393,-0.9572607,-1.9872607,-2.4572608,0.39273927,0.042739257,0.88273925,-0.7872608,0.7227393,0.76273924,2.8827393,1.7027392,0.14273925,0.6527393,0.7927393,4.972739,5.5827394,4.302739,3.8727393
0.06273926,-3.0372608,-4.3372607,-7.9372606,-8.957261,-0.45726073,1.3827393,-0.34726074,3.7127392,1.3527392,-3.3872607,1.4127393,1.6427393,1.9127393,0.89273924,-1.6272607,-2.0872607,-1.6672608,1.7227392,-0.10726074,1.4927392,-0.87726074,-0.43726075,-2.4672608,-3.6972609,2.3527393,1.6927392,-2.5272608,-0.39726076,-2.7372608,-4.9772606,-6.677261,-5.2472606,-5.3572607,-6.257261,-0.23726074,-2.0172608,-0.24726075,-1.1872607,-4.2972608,-1.0872607,-1.6072607,-2.0672607,-1.1772608,-3.1272607,0.45273927,0.042739257,-0.72726077,-0.22726074,-0.94726074,-0.41726074,1.9327393,2.7927392,0.75273925,6.6827393,2.9727392,2.9827392,4.052739
-0.61726075,-3.1872606,-3.2772608,-7.407261,-4.1272607,-6.177261,1.5027393,-1.5272608,-2.1372607,-4.467261,-2.2072608,5.4327393,1.6327393,2.5427392,0.45273927,1.6827393,-0.14726074,-0.24726075,-0.75726074,0.67273927,-1.5672607,1.5427393,4.3527393,3.7427392,-1.6272607,-1.1372608,-6.1472607,-2.8972607,-3.4372606,2.4427392,-2.0872607,-1.0672607,-2.7772608,-4.427261,2.7727392,-0.8472607,1.5927392,1.0927392,-2.5972607,-2.2572608,-2.2272608,-2.4972608,0.122739255,-0.87726074,1.2027392,0.57273924,-0.8372607,0.28273925,0.69273925,-0.40726075,0.87273926,-0.05726074,1.3827393,0.11273926,2.5327392,2.9027393,2.2927392,2.1727393
-1.7772608,-5.5372605,-5.237261,-6.8172607,-7.8172607,1.2827393,-2.8972607,2.1727393,1.3427392,1.2027392,4.9127393,5.4427395,3.1327393,0.06273926,0.61273926,2.1127393,-1.2572608,-3.2372608,0.0027392579,2.2027392,1.8527392,0.44273925,-1.3072608,1.1527393,-0.74726075,3.1927392,-0.05726074,0.47273925,-3.8072608,-0.6472607,-2.2272608,-4.277261,-2.4872608,-2.7872608,0.19273926,-0.45726073,0.39273927,1.1727393,0.042739257,2.2027392,1.9027393,2.5327392,1.2127392,0.51273924,-0.007260742,-0.22726074,-1.4772607,-1.3072608,-0.39726076,-0.09726074,1.0227393,-0.29726073,0.33273926,-0.35726073,4.322739,3.0027392,0.122739255,1.0327393
-3.3172607,-4.1472607,-4.1072607,-8.067261,-7.6672606,5.492739,3.7327392,-1.6072607,0.93273926,1.2727393,3.1527393,5.3327394,5.0027394,3.9927392,1.7927393,3.3027391,-3.0072608,0.49273926,2.2827392,0.7227393,1.0227393,-0.92726076,0.48273927,1.5827392,0.32273924,0.49273926,2.7827392,4.532739,4.152739,5.5027394,5.1927395,-3.4472609,-0.37726074,3.8027391,1.6427393,3.2027392,2.2227392,0.74273926,-0.12726074,1.6427393,2.9227393,4.672739,0.99273926,1.8827393,-0.18726075,0.19273926,-0.40726075,-1.1272607,-1.0572608,1.3327392,0.42273927,-0.26726073,0.11273926,-1.0372608,3.0727394,2.2027392,-0.20726074,1.7127392
2.8127394,0.94273925,1.4527392,-7.027261,-5.6072607,-1.2672608,5.0627394,-2.4272606,-1.8872608,-0.36726075,3.6627393,4.9627395,4.552739,2.4027393,-0.42726076,-2.9072607,1.5227393,-3.7972608,-3.4172606,2.0127392,-1.8372607,-2.3472607,-0.23726074,-2.3472607,-0.27726075,-0.11726074,-1.3572607,-1.6272607,1.2627393,0.94273925,4.472739,4.4327393,2.1427393,2.3127394,3.8527393,1.1127392,0.50273925,-0.087260745,-1.2272607,0.92273927,0.95273924,0.93273926,1.7027392,1.2827393,-0.36726075,-1.2272607,-1.3972608,-0.8972607,0.20273925,-0.41726074,-0.50726074,-0.007260742,-0.51726073,1.6827393,0.55273926,1.0927392,-0.17726074,-1.0072608
-6.447261,8.95274,1.5127393,7.8327394,11.382739,10.752739,5.112739,7.7727394,8.682739,1.8027393,3.4727392,7.172739,4.8927393,1.3527392,0.092739254,8.392739,-11.147261,-6.2472606,2.9627392,-1.1572608,0.28273925,0.98273927,0.28273925,-0.99726075,-1.7972608,-0.5272607,-0.63726074,-1.5172608,-1.1772608,-0.8472607,-0.80726075,-0.34726074,0.55273926,0.9727393,0.64273924,-0.75726074,-2.8472607,-1.5872607,-0.21726075,-1.9272608,-0.19726074,0.45273927,0.31273925,1.4127393,-1.5872607,-1.6872607,2.1227393,2.3427393,2.4027393,1.8427392,-0.80726075,0.8427393,0.15273926,0.26273927,0.25273925,0.28273925,-0.80726075,-0.62726074
6.7327394,8.642739,8.732739,6.262739,8.042739,7.2027392,6.172739,7.6427393,5.6927395,1.7027392,6.4827394,4.6227393,4.3127394,1.4627392,2.2627392,0.042739257,-3.2672608,1.4127393,-1.6872607,0.93273926,1.4327393,0.022739258,-0.05726074,2.0227392,0.05273926,2.0127392,1.1627393,-1.4772607,-0.25726074,-1.3372607,-1.9372607,-0.36726075,1.5427393,3.0727394,0.122739255,1.5827392,-0.11726074,-0.35726073,-0.56726074,-0.29726073,-0.28726074,-0.41726074,1.3927393,-0.94726074,-0.10726074,1.5927392,0.95273924,0.69273925,1.6027392,0.37273926,0.10273926,-0.68726075,-0.09726074,-2.4372606,-0.54726076,0.5327393,-0.31726074,0.0027392579
1.7927393,3.3727393,5.532739,5.3727393,5.2327394,3.7027392,4.4127393,3.1127393,3.0227392,3.9127393,3.8427393,7.2927394,6.282739,5.572739,0.98273927,8.212739,-0.38726074,-1.7572608,4.152739,-2.8772607,0.6027393,-0.41726074,0.7227393,-0.50726074,-1.4672607,-3.9572608,-1.3672607,-1.8872608,0.012739258,-0.63726074,0.8527393,0.5427393,0.80273926,1.7427392,0.68273926,-0.15726075,0.17273925,-0.40726075,0.41273925,-0.22726074,-0.12726074,0.93273926,1.3327392,1.4627392,1.9527392,0.43273926,1.9527392,-0.46726075,0.43273926,1.0427393,0.82273924,-0.05726074,0.05273926,0.73273927,-0.9572607,2.1927392,-0.9072607,-0.23726074
-0.38726074,2.8027391,4.1427393,4.782739,5.132739,5.2527394,4.8727393,5.1227393,4.472739,3.9927392,6.2127395,0.92273927,0.10273926,-1.9272608,3.7527392,-1.7772608,-0.55726075,-1.9272608,-3.1972609,3.4027393,2.7427392,3.6427393,1.1727393,-0.027260743,-1.6772608,-0.82726073,-0.047260743,-0.15726075,1.1527393,1.4827392,1.0827392,1.7727393,6.902739,6.382739,2.6027393,0.99273926,-0.41726074,0.69273925,0.56273925,0.11273926,0.39273927,1.2627393,0.76273924,1.7027392,1.0327393,0.30273926,0.46273926,1.2527393,-0.63726074,0.16273926,0.61273926,1.0827392,0.8427393,-0.5872607,-0.8472607,-0.30726075,0.45273927,0.49273926
-8.67726,-1.9072608,5.422739,5.7327394,5.8127394,5.362739,4.822739,4.6827393,4.4427395,4.1827393,3.2727392,2.8127394,4.9827394,-0.05726074,0.51273924,3.0827394,3.4827392,1.2727393,2.0227392,3.7527392,1.5327393,1.5027393,2.3327394,0.80273926,-0.03726074,0.122739255,0.25273925,-1.8572607,-2.7372608,-1.0372608,5.472739,6.4527392,2.8727393,6.2727394,2.9627392,0.77273923,1.8027393,2.1027393,-1.1772608,0.20273925,0.32273924,-0.37726074,0.55273926,1.3827393,1.2027392,1.8727393,1.5127393,1.1827393,0.46273926,0.07273926,1.4527392,0.56273925,0.29273927,0.92273927,0.03273926,-1.1772608,1.1227393,1.1927392
5.3127394,5.172739,6.052739,6.402739,5.6827393,4.922739,4.242739,4.3527393,3.9127393,3.5627394,3.2527392,2.7027392,2.3727393,2.7627392,4.382739,3.3027391,2.8727393,1.6327393,-3.4172606,2.2627392,-1.4472607,1.3327392,2.6427393,1.2327392,0.33273926,-0.027260743,-2.1672606,-1.0672607,1.3827393,2.3027391,4.3327394,1.5627393,7.1627393,-3.2572608,-0.49726075,-0.13726074,2.0727394,-4.5572605,0.34273925,-0.74726075,-0.35726073,0.30273926,0.41273925,1.1027392,0.44273925,0.80273926,0.32273924,-0.5372608,1.1727393,0.63273925,1.3227392,2.1627393,-1.1172607,2.1627393,1.1827393,1.2427392,2.6127393,1.2127392
6.4327393,6.1027393,6.7327394,6.7127395,6.072739,5.9427395,5.092739,2.6727393,2.9027393,2.7827392,2.9427392,2.4727392,2.0727394,4.882739,5.5427394,2.6727393,0.19273926,-1.7372607,0.21273926,1.3527392,0.19273926,2.6627393,3.0427392,2.5027392,0.10273926,-0.22726074,1.4227393,3.6227393,-2.5072608,5.402739,7.572739,7.9827394,5.422739,3.2727392,0.17273925,-0.75726074,0.40273926,-0.56726074,3.1327393,1.6027392,0.22273926,-0.27726075,-0.25726074,0.9127393,0.7927393,0.51273924,-0.5372608,0.82273924,2.8527393,0.26273927,3.3127394,1.5827392,2.8527393,3.3327394,2.9827392,1.6527393,2.0827394,0.9127393
11.32274,9.092739,8.95274,8.1927395,7.5227394,5.6227393,5.322739,3.6427393,2.7627392,2.5127392,2.6827393,1.4127393,0.76273924,0.57273924,1.5727392,0.63273925,-0.9072607,-2.6972609,-0.8972607,3.8527393,3.2627392,0.62273926,-0.73726076,0.77273923,2.2427392,2.3027391,0.24273926,0.45273927,6.3727393,7.862739,6.7527394,5.6927395,4.552739,3.3827393,2.5227392,-0.60726076,1.4327393,-1.6872607,5.402739,0.46273926,0.80273926,-0.79726076,2.3627393,1.2027392,0.36273926,0.89273924,0.33273926,0.39273927,0.58273923,1.9927392,1.3027393,-0.16726074,0.6627393,4.7027392,1.2027392,-0.05726074,-0.07726074,-0.05726074
9.272739,9.332739,8.722739,8.412739,8.332739,6.492739,5.5027394,4.7127395,3.7127392,2.3727393,2.1127393,2.0727394,1.3827393,0.5927393,0.73273927,1.1527393,-1.2172607,1.2027392,1.2727393,2.5027392,0.39273927,0.86273926,2.8227394,0.19273926,2.3127394,0.35273924,2.7127392,8.642739,8.792739,6.762739,4.572739,2.9827392,2.7827392,1.8327392,1.0827392,0.042739257,-0.44726074,0.50273925,1.5527393,0.46273926,1.5527393,0.50273925,1.7827393,0.32273924,-0.07726074,0.52273923,0.38273925,-0.41726074,1.6627393,1.0527393,0.29273927,-0.017260741,0.57273924,-3.1072607,2.7927392,0.64273924,2.6327393,3.0627394
10.722739,10.102739,9.552739,8.842739,8.312739,6.7927394,5.492739,3.8627393,3.5527391,1.5727392,2.1727393,1.7627393,1.2927393,0.93273926,-0.29726073,1.0327393,-0.50726074,0.03273926,2.8627393,3.9527392,3.9127393,4.3727393,4.422739,2.1027393,0.94273925,4.7027392,8.712739,7.612739,4.802739,4.222739,3.5227392,2.9227393,2.2927392,2.2127392,0.88273925,-0.76726073,-0.82726073,0.8527393,1.4027393,-0.017260741,1.4227393,1.3227392,0.8527393,0.67273927,-0.37726074,-2.7272608,-0.21726075,-0.047260743,1.3327392,-0.29726073,-0.03726074,0.81273925,3.0627394,3.1727393,3.7127392,3.0327392,2.8627393,5.7527394
10.732739,9.86274,9.332739,8.632739,6.972739,7.112739,5.672739,4.8127394,2.6227393,1.7527393,2.5427392,1.5827392,0.82273924,0.31273925,0.15273926,0.23273925,1.1327393,0.24273926,2.0527391,1.6127392,2.6627393,4.382739,2.0627394,5.5827394,6.4827394,7.992739,6.0627394,4.512739,3.5127392,3.2427392,2.7327392,2.9927392,2.6927392,1.5427393,1.1527393,0.19273926,-0.12726074,-1.3172607,0.30273926,5.262739,0.6527393,0.95273924,1.4127393,0.83273923,0.20273925,1.5427393,-0.50726074,-0.48726073,0.44273925,1.0627393,5.112739,2.1727393,1.6827393,2.9927392,3.6927392,2.7227392,3.6127393,4.0427394
10.212739,8.70274,8.132739,7.5627394,6.842739,5.8327394,4.032739,2.7627392,2.7727392,1.4627392,1.2927393,0.46273926,-0.05726074,0.29273927,0.03273926,0.30273926,0.64273924,0.26273927,-1.2972608,2.1427393,2.2027392,0.88273925,4.592739,4.762739,6.842739,4.9327393,4.3327394,3.7927392,2.7527392,2.4927392,2.5827394,2.8627393,2.4827392,1.8227392,1.2027392,0.07273926,-0.48726073,0.18273926,2.8627393,1.6127392,1.1227393,0.042739257,-1.2472607,-0.8972607,-0.5972607,-1.4272608,0.68273926,3.2327392,1.1627393,0.7927393,1.3427392,0.52273923,2.7127392,4.472739,4.342739,4.112739,4.762739,5.1927395
9.1927395,7.802739,6.7727394,6.2327394,5.012739,3.8427393,3.4227393,2.9127393,1.8827393,1.1327393,0.81273925,1.3527392,-0.60726076,-0.28726074,-0.44726074,0.16273926,-0.15726075,0.012739258,-0.86726075,0.36273926,1.8227392,1.8327392,3.4027393,4.4427395,4.1927395,4.3927393,3.8227394,3.0927393,2.5127392,2.3027391,2.9727392,2.6127393,3.2027392,2.6727393,1.9027393,-0.10726074,-0.26726073,0.05273926,-0.087260745,0.23273925,0.9727393,0.25273925,0.39273927,-1.0072608,2.5127392,2.5427392,0.9027393,3.1027393,-0.43726075,-1.0972607,0.57273924,1.6227393,4.722739,3.9827392,5.4327393,5.4827394,4.8727393,4.4627395
7.6927395,7.0427394,7.0827394,5.8527393,4.6227393,4.132739,4.012739,3.1227393,3.4927392,1.6627393,0.69273925,0.52273923,-0.007260742,-1.4472607,-1.2772608,-1.0772607,-0.85726076,1.0227393,1.5227393,-1.6272607,1.0127393,-0.12726074,0.8427393,1.8527392,2.6427393,3.7127392,4.422739,3.4327393,2.8427393,1.8927393,1.6227393,1.3427392,2.7327392,1.8727393,1.4027393,0.36273926,-0.11726074,-1.0372608,-0.47726074,-0.5372608,-1.5372608,0.08273926,1.3127393,1.3827393,2.5927393,3.3827393,1.5527393,1.5127393,1.6127392,0.9727393,0.89273924,-0.29726073,6.262739,5.6827393,6.5427394,6.3927393,5.5827394,5.2127395
8.552739,6.9827394,6.1827393,5.4827394,4.782739,3.8627393,3.5827394,3.2727392,1.4027393,1.3127393,0.6027393,0.64273924,0.17273925,-0.57726073,-1.0872607,-1.0572608,-0.7072607,0.75273925,2.3027391,2.9527392,1.7227392,0.50273925,2.2327392,3.5327392,3.4427392,2.8927393,2.7927392,3.1827393,2.8527393,2.1027393,1.3327392,1.9027393,2.7327392,2.6627393,2.2327392,0.75273925,-0.31726074,0.14273925,0.10273926,-0.94726074,-2.1372607,0.7127392,-0.10726074,1.7127392,2.3627393,4.2527394,4.7927394,-1.4372607,-0.49726075,2.0227392,0.49273926,1.6227393,7.262739,7.532739,7.3527393,7.4127393,6.5027394,5.322739
